# Camera parameter file. 

# The format of each camera is as follows:
# Filename (of the undistorted image in visualize folder)
# Original filename
# Focal Length (of the undistorted image)
# 2-vec Principal Point (image center)
# 3-vec Translation T (as in P = K[R T])
# 3-vec Camera Position C (as in P = K[R -RC])
# 3-vec Axis Angle format of R
# 4-vec Quaternion format of R
# 3x3 Matrix format of R
# [Normalized radial distortion] = [radial distortion] * [focal length]^2
# 3-vec Lat/Lng/Alt from EXIF

# The nubmer of cameras in this reconstruction
93

00000000.jpg
/home/firoozeh/PycharmProjects/Computer Vision/HW3/Q3/pics4/f0036.jpg
2058.45068359
540 960
-0.471887260675 0.681738138199 -0.587059855461
1.01232790947 -0.0412627160549 0.0746817439795
0.75301401425 -0.959490886475 -0.405117102103
0.800537179177 0.35112423175 -0.447402696377 -0.188902767482
0.528294622898 -0.0117406276986 -0.848981201649
-0.616635382175 0.682057619095 -0.393145114183
0.583668768406 0.731206893921 0.353086858988
-0.0656948321637
0 0 0

00000001.jpg
/home/firoozeh/PycharmProjects/Computer Vision/HW3/Q3/pics4/f0049.jpg
2067.12158203
540 960
-1.58396160603 0.676450133324 -0.50277286768
1.68998360634 -0.0218469798565 -0.602311432362
0.792281560229 -0.765937212281 -0.377697544659
0.835113846012 0.374118835688 -0.361678918775 -0.178350440983
0.674758851528 0.0272634234279 -0.737534284592
-0.568508267403 0.656454503536 -0.495852977037
0.470638006926 0.75387430191 0.458447188139
-0.0520588189189
0 0 0

00000002.jpg
/home/firoozeh/PycharmProjects/Computer Vision/HW3/Q3/pics4/f0048.jpg
2067.33007812
540 960
-1.47107040882 0.683500051498 -0.498796999454
1.60423731804 -0.0328342616558 -0.552601695061
0.785505600631 -0.785966965149 -0.386912417776
0.831876619504 0.370485378414 -0.370702981964 -0.182488060426
0.658555924892 0.0289353895932 -0.751976847649
-0.578294813633 0.658877789974 -0.481098413467
0.481539726257 0.751694083214 0.450641125441
-0.0661316255292
0 0 0

00000003.jpg
/home/firoozeh/PycharmProjects/Computer Vision/HW3/Q3/pics4/f0047.jpg
2065.03588867
540 960
-1.37824702263 0.699877381325 -0.499287813902
1.54264879227 -0.0465645194054 -0.506703019142
0.780831149069 -0.80520156208 -0.395311023637
0.828358459854 0.367811768191 -0.379291490423 -0.186211893266
0.642926096916 0.0294844210148 -0.765360355377
-0.587516367435 0.660080194473 -0.46810311079
0.491396903992 0.750616848469 0.441704660654
-0.0679822276519
0 0 0

00000004.jpg
/home/firoozeh/PycharmProjects/Computer Vision/HW3/Q3/pics4/f0046.jpg
2065.30200195
540 960
-1.2902187109 0.707793831825 -0.491577237844
1.47774600983 -0.0645886361599 -0.468380510807
0.776928337596 -0.824829675309 -0.400893084885
0.824785683892 0.365499299539 -0.388034074671 -0.188596727169
0.627721726894 0.0274512171745 -0.777953624725
-0.594756305218 0.661684274673 -0.456553667784
0.502226173878 0.749280691147 0.431679695845
-0.0714317980649
0 0 0

00000005.jpg
/home/firoozeh/PycharmProjects/Computer Vision/HW3/Q3/pics4/f0050.jpg
2064.18383789
540 960
-1.7034971714 0.657892405987 -0.493862897158
1.7700291872 -0.0162825584412 -0.667356073856
0.798576931889 -0.747703172396 -0.367375944077
0.838098975822 0.37749804431 -0.353449334726 -0.173663544334
0.689830124378 0.0242417361587 -0.723567128181
-0.557947218418 0.654671788216 -0.50999879837
0.461334973574 0.755524098873 0.465137660503
-0.0412529581249
0 0 0

00000006.jpg
/home/firoozeh/PycharmProjects/Computer Vision/HW3/Q3/pics4/f0051.jpg
2064.83178711
540 960
-1.84070444107 0.625369548798 -0.48635366559
1.85898470879 -0.00113314390182 -0.748331904411
0.80382268869 -0.729334528983 -0.356838837279
0.841215760638 0.38040481529 -0.345153689596 -0.168872083226
0.704703330994 0.021519927308 -0.709177494049
-0.546711504459 0.653549134731 -0.523431479931
0.452217400074 0.756578624249 0.472323358059
-0.033025893942
0 0 0

00000007.jpg
/home/firoozeh/PycharmProjects/Computer Vision/HW3/Q3/pics4/f0052.jpg
2068.03149414
540 960
-1.9754114151 0.573931872845 -0.473149836063
1.93698644638 0.019015610218 -0.838599801064
0.806824467239 -0.712050903193 -0.34550312611
0.844535148852 0.382281663825 -0.337376982297 -0.163702905984
0.718757271767 0.0185593515635 -0.695014536381
-0.534452080727 0.654125630856 -0.535241544247
0.444692343473 0.7561596632 0.480075567961
-0.0412717874006
0 0 0

00000008.jpg
/home/firoozeh/PycharmProjects/Computer Vision/HW3/Q3/pics4/f0053.jpg
2072.71630859
540 960
-2.09622144699 0.507134497166 -0.454194962978
1.99877238274 0.0399730801582 -0.927867293358
0.807401434215 -0.695520152624 -0.332261147953
0.848246452431 0.383065282958 -0.329984085707 -0.157638697757
0.732521533966 0.0146221006289 -0.680587470531
-0.520243763924 0.656822800636 -0.545831024647
0.439043849707 0.753904044628 0.488743841648
-0.060020893516
0 0 0

00000009.jpg
/home/firoozeh/PycharmProjects/Computer Vision/HW3/Q3/pics4/f0055.jpg
2070.96508789
540 960
-2.2827270031 0.409518003464 -0.400312900543
2.10663127899 0.0360922813416 -1.04861927032
0.809483944497 -0.662522129417 -0.302135189446
0.855438345103 0.385043848084 -0.315139135106 -0.143715384075
0.760066866875 0.00319479545578 -0.649837136269
-0.488563805819 0.662174582481 -0.568181633949
0.428491264582 0.749343454838 0.504857599735
-0.062000625115
0 0 0

00000010.jpg
/home/firoozeh/PycharmProjects/Computer Vision/HW3/Q3/pics4/f0064.jpg
2073.14550781
540 960
-3.22236824036 0.0997453555465 -0.151367768645
2.83433461189 0.0304326936603 -1.54342365265
0.822312525219 -0.52159959228 -0.228339061396
0.877534482474 0.394230923392 -0.250063914386 -0.109469716513
0.850969612598 -0.00503852544352 -0.525192439556
-0.38929232955 0.665196657181 -0.637153565884
0.35256639123 0.746651351452 0.564100801945
-0.0653607945843
0 0 0

00000011.jpg
/home/firoozeh/PycharmProjects/Computer Vision/HW3/Q3/pics4/f0071.jpg
2078.49462891
540 960
-3.82273435593 -0.02319137007 -0.0806619003415
3.40665316582 -0.0122733786702 -1.73635101318
0.819260251986 -0.462427928612 -0.178578928027
0.887558249792 0.394158668976 -0.222481166878 -0.0859170604309
0.886241257191 -0.0228729788214 -0.46265950799
-0.327898561954 0.674514651299 -0.661447525024
0.327200472355 0.737907588482 0.590282678604
-0.0629087554283
0 0 0

00000012.jpg
/home/firoozeh/PycharmProjects/Computer Vision/HW3/Q3/pics4/f0072.jpg
2078.09130859
540 960
-3.89941358566 -0.0428077280521 -0.0934174507856
3.48981261253 -0.00420661270618 -1.74276125431
0.817053352448 -0.454726419345 -0.170620987598
0.889177048851 0.393320754839 -0.21890044018 -0.0821351205921
0.890674054623 -0.026130400598 -0.453893721104
-0.318261057138 0.677105724812 -0.663504958153
0.324671268463 0.735422194004 0.59476351738
-0.0633235082539
0 0 0

00000013.jpg
/home/firoozeh/PycharmProjects/Computer Vision/HW3/Q3/pics4/f0073.jpg
2079.82177734
540 960
-3.9759914875 -0.0677309036255 -0.0978232473135
3.57193160057 -6.85453414917e-06 -1.75043010712
0.814924887406 -0.445602047089 -0.161827146112
0.89093599411 0.392538681977 -0.214640690147 -0.0779500241368
0.89570748806 -0.0296122580767 -0.443659186363
-0.307406187057 0.67967414856 -0.665990769863
0.321265280247 0.732916593552 0.599686145782
-0.0600728878444
0 0 0

00000014.jpg
/home/firoozeh/PycharmProjects/Computer Vision/HW3/Q3/pics4/f0074.jpg
2078.76196289
540 960
-4.05420017242 -0.10879419744 -0.105692446232
3.65799355507 0.0111232176423 -1.75458240509
0.8140360976 -0.434116321194 -0.150586022593
0.892750637821 0.392360455007 -0.209241430216 -0.0725815483076
0.90190154314 -0.0346016250551 -0.430557340384
-0.293790519238 0.681570708752 -0.6701862216
0.316644340754 0.730933964252 0.604542553425
-0.0596719104218
0 0 0

00000015.jpg
/home/firoozeh/PycharmProjects/Computer Vision/HW3/Q3/pics4/f0075.jpg
2076.54907227
540 960
-4.13227128983 -0.167810797691 -0.112170994282
3.74319386482 0.0298272892833 -1.76182293892
0.81454393577 -0.420872119968 -0.138126012415
0.894449346866 0.392839243726 -0.202978719812 -0.0666155818895
0.908724009991 -0.0403075665236 -0.415446847677
-0.278644621372 0.682480216026 -0.675706803799
0.310769885778 0.729792416096 0.608954310417
-0.0623757093631
0 0 0

00000016.jpg
/home/firoozeh/PycharmProjects/Computer Vision/HW3/Q3/pics4/f0054.jpg
2069.68188477
540 960
-2.19994592667 0.453235596418 -0.427696466446
2.05643820763 0.0450739562511 -0.998573899269
0.808245968014 -0.678422743831 -0.318351726338
0.851946700333 0.383974948126 -0.32229958228 -0.151239959671
0.746500015259 0.010187132284 -0.665308892727
-0.505206406116 0.659379720688 -0.556763291359
0.433019369841 0.751741468906 0.497372984886
-0.0676224845699
0 0 0

00000017.jpg
/home/firoozeh/PycharmProjects/Computer Vision/HW3/Q3/pics4/f0027.jpg
2061.21264648
540 960
0.481541395187 0.17997071147 -0.735905230045
0.358880072832 0.404586076736 0.716480791569
0.717364443341 -1.04585524624 -0.436191205618
0.78346445 0.332398690958 -0.484608511072 -0.202113984183
0.448610424995 -0.00546821020544 -0.893712043762
-0.638864696026 0.697323203087 -0.324953019619
0.624982118607 0.716737210751 0.309332549572
-0.0594094742016
0 0 0

00000018.jpg
/home/firoozeh/PycharmProjects/Computer Vision/HW3/Q3/pics4/f0028.jpg
2064.76611328
540 960
0.367202669382 0.244994848967 -0.726229846478
0.439031869173 0.351959705353 0.63690340519
0.719164433346 -1.03616020877 -0.433524108431
0.785772674712 0.333518017302 -0.480527237463 -0.20105012761
0.457345694304 -0.004569651559 -0.889278292656
-0.636488437653 0.696689963341 -0.330918848515
0.621062397957 0.717358529568 0.315719127655
-0.0567051410767
0 0 0

00000019.jpg
/home/firoozeh/PycharmProjects/Computer Vision/HW3/Q3/pics4/f0029.jpg
2068.79516602
540 960
0.246200144291 0.316889941692 -0.709468364716
0.524405121803 0.290730893612 0.552136182785
0.7225791689 -1.02771636947 -0.429905197393
0.787585178567 0.335326633634 -0.476931366605 -0.199505699622
0.465468913317 -0.00559988012537 -0.885047614574
-0.634110808372 0.695506989956 -0.337895452976
0.617448687553 0.718497693539 0.320185750723
-0.0495885736072
0 0 0

00000020.jpg
/home/firoozeh/PycharmProjects/Computer Vision/HW3/Q3/pics4/f0019.jpg
2092.23364258
540 960
1.31544935703 -0.0492559410632 -0.218567758799
-0.329954624176 0.257807582617 1.26699280739
0.702198155296 -1.17841360497 -0.425640828108
0.753029807988 0.321689216408 -0.539851815797 -0.194993483581
0.341075509787 -0.0536570064723 -0.938503444195
-0.641000628471 0.71698731184 -0.273947864771
0.687594592571 0.695018410683 0.210152745247
-0.070185048577
0 0 0

00000021.jpg
/home/firoozeh/PycharmProjects/Computer Vision/HW3/Q3/pics4/f0012.jpg
2106.46191406
540 960
2.11620783806 0.0947352349758 0.275715082884
-0.66566824913 -0.139739692211 2.02501487732
0.680195164069 -1.26973913182 -0.453679273741
0.728200299643 0.308686988451 -0.576234541825 -0.205889274331
0.251126527786 -0.0558949634433 -0.966338813305
-0.655609488487 0.724644064903 -0.212290897965
0.71211785078 0.686852931976 0.145332112908
-0.0564273093928
0 0 0

00000022.jpg
/home/firoozeh/PycharmProjects/Computer Vision/HW3/Q3/pics4/f0011.jpg
2105.70629883
540 960
2.22299027443 0.105917513371 0.306310147047
-0.684456110001 -0.173223689198 2.13266158104
0.676823084907 -1.27756189208 -0.462204164082
0.72557426741 0.30684846826 -0.579202923828 -0.209547580357
0.241227924824 -0.0513701327145 -0.969108045101
-0.659539461136 0.723867595196 -0.202541425824
0.711910903454 0.688023984432 0.140736550093
-0.0590294411597
0 0 0

00000023.jpg
/home/firoozeh/PycharmProjects/Computer Vision/HW3/Q3/pics4/f0010.jpg
2104.01464844
540 960
2.32452058792 0.11563988775 0.332386732101
-0.697156190872 -0.202107921243 2.23615121841
0.673849289607 -1.28578555078 -0.470219689282
0.722794645821 0.305175320555 -0.582311243295 -0.212954805505
0.231127426028 -0.0475689545274 -0.971759557724
-0.663259327412 0.723037481308 -0.193146348
0.711806237698 0.689170002937 0.135563492775
-0.0596477086584
0 0 0

00000024.jpg
/home/firoozeh/PycharmProjects/Computer Vision/HW3/Q3/pics4/f0009.jpg
2103.03662109
540 960
2.42365980148 0.118418686092 0.355051577091
-0.708513379097 -0.223019331694 2.33719468117
0.6708979307 -1.29464554443 -0.477708253937
0.719853430116 0.30349622855 -0.585662918404 -0.216102400652
0.220597267151 -0.0443688780069 -0.974355041981
-0.66661709547 0.722380518913 -0.183819502592
0.712010800838 0.690071702003 0.129778057337
-0.0608572203953
0 0 0

00000025.jpg
/home/firoozeh/PycharmProjects/Computer Vision/HW3/Q3/pics4/f0008.jpg
2095.16796875
540 960
2.52037978172 0.117980860174 0.351124823093
-0.69750982523 -0.223498821259 2.43988728523
0.668786154466 -1.3044050803 -0.486113323291
0.71639084295 0.302138804792 -0.589293587036 -0.219612349197
0.20900721848 -0.0414403155446 -0.977035582066
-0.670753419399 0.720965445042 -0.174066618085
0.711622536182 0.691731274128 0.12289069593
-0.0649082223105
0 0 0

00000026.jpg
/home/firoozeh/PycharmProjects/Computer Vision/HW3/Q3/pics4/f0002.jpg
2082.86645508
540 960
3.08315253258 -0.173177555203 0.244601875544
-0.641039311886 0.0439101457596 3.03031253815
0.668155823869 -1.38685536814 -0.552987723469
0.683782479255 0.298059816664 -0.618666846864 -0.246684102101
0.112796530128 -0.0314428880811 -0.993120670319
-0.706155955791 0.70061403513 -0.102385386825
0.699013531208 0.712846934795 0.0568233504891
-0.0611916960843
0 0 0

00000027.jpg
/home/firoozeh/PycharmProjects/Computer Vision/HW3/Q3/pics4/f0001.jpg
2085.75024414
540 960
3.17966222763 -0.224807471037 0.211065545678
-0.63056665659 0.101932317019 3.13007164001
0.668449388401 -1.39585552024 -0.561324265357
0.679912909998 0.297738992748 -0.621738345234 -0.250023598305
0.101860329509 -0.0302432477474 -0.9943395257
-0.710220336914 0.6976801157 -0.0939748436213
0.696572184563 0.715771496296 0.0495858155191
-0.061721750009
0 0 0

00000028.jpg
/home/firoozeh/PycharmProjects/Computer Vision/HW3/Q3/pics4/f0089.jpg
2045.77502441
540 960
-5.39733552933 -1.04236137867 0.207950055599
5.200527668 0.406977385283 -1.74637424946
0.869793866554 -0.152204612794 -0.0484069896665
0.903826053395 0.42086351582 -0.0736466086133 -0.0234224873785
0.988054573536 -0.0196508020163 -0.152842149138
-0.104330219328 0.644651591778 -0.75732499361
0.113412745297 0.764224648476 0.634899973869
-0.0601420330605
0 0 0

00000029.jpg
/home/firoozeh/PycharmProjects/Computer Vision/HW3/Q3/pics4/f0090.jpg
2045.75732422
540 960
-5.4811167717 -1.07962453365 0.261371165514
5.30706930161 0.383300125599 -1.72179841995
0.868435703782 -0.135289759569 -0.038988317454
0.904799402066 0.420349090422 -0.0654843267391 -0.0188715223332
0.990710556507 -0.020902486518 -0.1343652457
-0.0892022550106 0.645900905132 -0.758191823959
0.102635473013 0.763134598732 0.638036370277
-0.0582608687077
0 0 0

00000030.jpg
/home/firoozeh/PycharmProjects/Computer Vision/HW3/Q3/pics4/f0091.jpg
2049.12060547
540 960
-5.57409286499 -1.1246471405 0.338057607412
5.41825389862 0.339478373528 -1.72535991669
0.864256817791 -0.121053221063 -0.0285696246831
0.906202849444 0.418531176548 -0.0586220970355 -0.0138353304087
0.992743492126 -0.0239952411503 -0.117828071117
-0.0741457045078 0.649280428886 -0.756926357746
0.0946659743786 0.760170221329 0.642790496349
-0.0643461451706
0 0 0

00000031.jpg
/home/firoozeh/PycharmProjects/Computer Vision/HW3/Q3/pics4/f0092.jpg
2053.23828125
540 960
-5.68201255798 -1.16009759903 0.404562056065
5.54336071014 0.28966113925 -1.72682702541
0.860782124275 -0.109438354339 -0.0182146659122
0.907311426306 0.417009582898 -0.0530178789836 -0.00882417283128
0.994221448898 -0.0282055474818 -0.103566430509
-0.0602306388319 0.652050495148 -0.755779325962
0.0888484790921 0.757650911808 0.646584153175
-0.0639869192651
0 0 0

00000032.jpg
/home/firoozeh/PycharmProjects/Computer Vision/HW3/Q3/pics4/f0093.jpg
2057.58813477
540 960
-5.79097175598 -1.1898329258 0.462686210871
5.66708183289 0.241322726011 -1.72947239876
0.857517689372 -0.100100824391 -0.00891287496287
0.90825847334 0.415565186196 -0.0485102735979 -0.00431930511684
0.995256066322 -0.032471831888 -0.0917094945908
-0.0481640137732 0.654573619366 -0.754462003708
0.0845299735665 0.755300402641 0.649904131889
-0.0590453900092
0 0 0

00000033.jpg
/home/firoozeh/PycharmProjects/Computer Vision/HW3/Q3/pics4/f0100.jpg
2035.31347656
540 960
-6.50442552567 -1.37952411175 0.813048839569
6.4853682518 0.0137349963188 -1.67676770687
0.854754634571 -0.0330825502739 0.0334502407471
0.909787819748 0.414446772134 -0.0160408093977 0.0162190922915
0.998959839344 -0.0428081043065 -0.0157438348979
0.0162156261504 0.655942201614 -0.754637718201
0.0426310971379 0.753596782684 0.655953466892
-0.081190589613
0 0 0

00000034.jpg
/home/firoozeh/PycharmProjects/Computer Vision/HW3/Q3/pics4/f0101.jpg
2033.76831055
540 960
-6.59495544434 -1.42066204548 0.903223633766
6.59967803955 0.00277197360992 -1.66489195824
0.855673571754 -0.0159952692843 0.0350732621317
0.90968543879 0.414877556856 -0.00775538530227 0.0170054443476
0.999302446842 -0.0373741239309 6.3784386839e-07
0.0245042964816 0.655175149441 -0.755079627037
0.0282204821706 0.754552662373 0.655632793903
-0.0803351999376
0 0 0

00000035.jpg
/home/firoozeh/PycharmProjects/Computer Vision/HW3/Q3/pics4/f0102.jpg
2030.42297363
540 960
-6.67850255966 -1.47179102898 1.02134847641
6.71340942383 -0.0109488368034 -1.65582561493
0.855236900059 0.00439553931808 0.0367773896655
0.909789924412 0.414680912995 0.00213127644212 0.0178323474151
0.999355256557 -0.0306797754019 0.0186677202582
0.0342149846256 0.655444383621 -0.754469037056
0.0109116649255 0.7546210289 0.656071186066
-0.0846360507377
0 0 0

00000036.jpg
/home/firoozeh/PycharmProjects/Computer Vision/HW3/Q3/pics4/f0103.jpg
2037.52270508
540 960
-6.74896097183 -1.53884935379 1.18983733654
6.82338285446 -0.045793056488 -1.66483223438
0.852805970025 0.028128583066 0.0397659155546
0.910171926142 0.413557190702 0.0136405914124 0.0192839648179
0.998885035515 -0.0238208267838 0.0407809652388
0.0463860668242 0.657197475433 -0.752290010452
-0.00888016819954 0.753342568874 0.657569229603
-0.081383335333
0 0 0

00000037.jpg
/home/firoozeh/PycharmProjects/Computer Vision/HW3/Q3/pics4/f0104.jpg
2039.79528809
540 960
-6.80162763596 -1.63295614719 1.34917247295
6.92865371704 -0.0661225318909 -1.65479898453
0.849660478175 0.0551715520642 0.0464198072379
0.910478575774 0.412075786395 0.0267575829257 0.0225130850065
0.997554600239 -0.0189431831241 0.0672786310315
0.0630475431681 0.659374237061 -0.749167561531
-0.030170192942 0.751577138901 0.658956110477
-0.0838643515542
0 0 0

00000038.jpg
/home/firoozeh/PycharmProjects/Computer Vision/HW3/Q3/pics4/f0105.jpg
2036.74194336
540 960
-6.83815050125 -1.75602948666 1.50902509689
7.03018426895 -0.0749561786652 -1.64073264599
0.845959532925 0.0847136642042 0.0557489502388
0.910622677784 0.410301437291 0.0410872350608 0.0270389699746
0.995161652565 -0.0155286435038 0.0970182493329
0.0829605534673 0.661843836308 -0.745037794113
-0.0526416227221 0.749481379986 0.659929156303
-0.0921192706042
0 0 0

00000039.jpg
/home/firoozeh/PycharmProjects/Computer Vision/HW3/Q3/pics4/f0106.jpg
2045.25634766
540 960
-6.86307048798 -1.90684914589 1.68154215813
7.1325674057 -0.0921429395676 -1.63811182976
0.842538029268 0.115070361982 0.0682773258877
0.910399596791 0.408610251392 0.0558062994237 0.0331128261588
0.991578876972 -0.014686031267 0.128672987223
0.105897583067 0.663883626461 -0.740301251411
-0.0745511427522 0.747693181038 0.659847199917
-0.083942934926
0 0 0

00000040.jpg
/home/firoozeh/PycharmProjects/Computer Vision/HW3/Q3/pics4/f0107.jpg
2046.93920898
540 960
-6.89556598663 -2.06156992912 1.85038876534
7.24961996078 -0.110097050667 -1.62902677059
0.840893047379 0.145367913767 0.0811756573872
0.90954484992 0.407691197843 0.0704789022531 0.0393564925992
0.986967384815 -0.014125443995 0.160297900438
0.129060536623 0.664478480816 -0.736079394817
-0.096116989851 0.747174322605 0.657641470432
-0.0803097862432
0 0 0

00000041.jpg
/home/firoozeh/PycharmProjects/Computer Vision/HW3/Q3/pics4/f0108.jpg
2049.82885742
540 960
-6.93124675751 -2.21597266197 2.02946400642
7.37578201294 -0.141147732735 -1.62770915031
0.840547913378 0.174525028614 0.0939062210775
0.90821484794 0.40733520416 0.0845760093268 0.0455075899014
0.981552422047 -0.0137595823035 0.190699696541
0.151563093066 0.664014339447 -0.73219794035
-0.11655305326 0.747593581676 0.653850078583
-0.0754365761518
0 0 0

00000042.jpg
/home/firoozeh/PycharmProjects/Computer Vision/HW3/Q3/pics4/f0109.jpg
2051.15161133
540 960
-6.96846008301 -2.37078738213 2.19884228706
7.50739383698 -0.167587995529 -1.62049198151
0.841577656345 0.202861906599 0.106143794351
0.906413449971 0.407578325223 0.0982465676458 0.0514057254353
0.97541064024 -0.0131033416837 0.220007643104
0.173276022077 0.66247522831 -0.728768467903
-0.136200398207 0.748969435692 0.648455500603
-0.0738087839472
0 0 0

00000043.jpg
/home/firoozeh/PycharmProjects/Computer Vision/HW3/Q3/pics4/f0110.jpg
2054.2980957
540 960
-6.99307966232 -2.52455806732 2.36818194389
7.6321978569 -0.191629767418 -1.61172580719
0.842971619095 0.231116432587 0.117648637865
0.904333398135 0.407957370928 0.11184914187 0.0569362335688
0.96849578619 -0.0117191197351 0.248752772808
0.194238230586 0.660658240318 -0.725122213364
-0.155842885375 0.75059568882 0.642121553421
-0.0779230316006
0 0 0

00000044.jpg
/home/firoozeh/PycharmProjects/Computer Vision/HW3/Q3/pics4/f0111.jpg
2053.11279297
540 960
-6.99539661407 -2.68227767944 2.54288458824
7.74680614471 -0.216445684433 -1.59266746044
0.843698215709 0.261352793795 0.130102536274
0.902011066887 0.407978082845 0.126379562945 0.0629122858551
0.960140407085 -0.0103751569986 0.279324740171
0.216615155339 0.659191966057 -0.720099687576
-0.176658317447 0.751903295517 0.635163486004
-0.0850430382361
0 0 0

00000045.jpg
/home/firoozeh/PycharmProjects/Computer Vision/HW3/Q3/pics4/f0112.jpg
2053.01635742
540 960
-6.97536754608 -2.83798861504 2.73334097862
7.85044908524 -0.25224006176 -1.57731330395
0.842300097263 0.292109936882 0.143253733531
0.899804567934 0.406988010455 0.141143569177 0.0692182657815
0.950574696064 -0.00967851001769 0.310345202684
0.239453136921 0.659139633179 -0.712879955769
-0.197661310434 0.751958727837 0.628878712654
-0.101301814821
0 0 0

00000046.jpg
/home/firoozeh/PycharmProjects/Computer Vision/HW3/Q3/pics4/f0113.jpg
2050.58764648
540 960
-6.94932079315 -2.98019433022 2.92012953758
7.95242452621 -0.293549537659 -1.54098379612
0.840778655831 0.323602185694 0.156623477067
0.897288558062 0.405895353097 0.156222594989 0.0756117452391
0.939755618572 -0.00887140911072 0.341734558344
0.262510806322 0.659064292908 -0.704786241055
-0.218972429633 0.752034783363 0.621687114239
-0.0997443727464
0 0 0

00000047.jpg
/home/firoozeh/PycharmProjects/Computer Vision/HW3/Q3/pics4/f0114.jpg
2058.68334961
540 960
-6.92597961426 -3.09791946411 3.13337659836
8.06018257141 -0.34769487381 -1.51557922363
0.837019421535 0.353929816024 0.166991100564
0.895165597471 0.403780124174 0.170736570008 0.0805568969931
0.928719758987 -0.00634360220283 0.370729327202
0.282103449106 0.660944402218 -0.695392012596
-0.240620687604 0.750408291817 0.615621626377
-0.0997226185332
0 0 0

00000048.jpg
/home/firoozeh/PycharmProjects/Computer Vision/HW3/Q3/pics4/f0116.jpg
2054.12158203
540 960
-6.8880944252 -3.266685009 3.50337314606
8.25550270081 -0.440511703491 -1.42945742607
0.829001108666 0.408056701152 0.182825313751
0.89113726858 0.399347243984 0.196569482586 0.0880707931674
0.90720808506 3.26265253534e-05 0.420682311058
0.313965290785 0.665530204773 -0.677122414112
-0.279999256134 0.746370434761 0.603764235973
-0.0948432486177
0 0 0

00000049.jpg
/home/firoozeh/PycharmProjects/Computer Vision/HW3/Q3/pics4/f0117.jpg
2056.22094727
540 960
-6.87411642075 -3.33881354332 3.67210125923
8.34923362732 -0.481244325638 -1.3943593502
0.824503437434 0.431184196021 0.189183950396
0.889411090633 0.396939801923 0.20758454312 0.0910786254949
0.897226989269 0.00278464378789 0.44156140089
0.326810002327 0.668286621571 -0.668272137642
-0.29695057869 0.743898510933 0.598694741726
-0.0965015224441
0 0 0

00000050.jpg
/home/firoozeh/PycharmProjects/Computer Vision/HW3/Q3/pics4/f0118.jpg
2053.58544922
540 960
-6.85795402527 -3.41083288193 3.79942369461
8.42665195465 -0.511497735977 -1.35311150551
0.820811479793 0.450989539617 0.196757312488
0.887688127915 0.394923033458 0.216987897255 0.0946672855041
0.887909352779 0.00331735052168 0.460008114576
0.339457452297 0.67014747858 -0.660053730011
-0.310462206602 0.74222022295 0.593904018402
-0.0960656599523
0 0 0

00000051.jpg
/home/firoozeh/PycharmProjects/Computer Vision/HW3/Q3/pics4/f0119.jpg
2050.00170898
540 960
-6.84686040878 -3.48946785927 3.8936920166
8.49805831909 -0.531246900558 -1.31052684784
0.817883686291 0.467846718489 0.205402840098
0.885984377151 0.393278465005 0.224963576593 0.0987677282422
0.879272699356 0.00193337642122 0.476315200329
0.351960033178 0.67115354538 -0.652439057827
-0.320941656828 0.741315245628 0.589447021484
-0.0951504773485
0 0 0

00000052.jpg
/home/firoozeh/PycharmProjects/Computer Vision/HW3/Q3/pics4/f0120.jpg
2051.18652344
540 960
-6.8467874527 -3.57919192314 3.97408938408
8.57579708099 -0.548349380493 -1.27967500687
0.81512928669 0.48171193214 0.21485997679
0.884465198163 0.391744332833 0.231506734643 0.103259911813
0.871484577656 -0.00127679214347 0.490422457457
0.364042401314 0.671747744083 -0.64515799284
-0.328616142273 0.740778923035 0.585882425308
-0.09208470501
0 0 0

00000053.jpg
/home/firoozeh/PycharmProjects/Computer Vision/HW3/Q3/pics4/f0121.jpg
2053.92529297
540 960
-6.8699464798 -3.66774296761 4.02968835831
8.66212177277 -0.55505490303 -1.24359130859
0.81421505114 0.492887124522 0.223305827586
0.882891398255 0.391087933405 0.236746061942 0.107259396035
0.864893853664 -0.00421937834471 0.50193798542
0.37457421422 0.671091675758 -0.63979023695
-0.334146261215 0.741362452507 0.582003355026
-0.0887171733078
0 0 0

00000054.jpg
/home/firoozeh/PycharmProjects/Computer Vision/HW3/Q3/pics4/f0122.jpg
2053.38891602
540 960
-6.91174030304 -3.75054931641 4.05712842941
8.75068759918 -0.542311668396 -1.19603586197
0.815039975735 0.502293559513 0.229794145847
0.881253427134 0.391258010022 0.241124833618 0.110312135472
0.859380662441 -0.00574207119644 0.511305212975
0.383109718561 0.669497013092 -0.636397123337
-0.338663130999 0.742792725563 0.577552735806
-0.0908597341249
0 0 0

00000055.jpg
/home/firoozeh/PycharmProjects/Computer Vision/HW3/Q3/pics4/f0125.jpg
2056.76293945
540 960
-7.06513690948 -3.94696354866 4.0465927124
8.98289108276 -0.430060148239 -0.996134996414
0.822072214408 0.527705461447 0.240372471625
0.876138142767 0.393921111567 0.252866254704 0.115181841149
0.845583498478 -0.00261168042198 0.533836722374
0.401049137115 0.663118779659 -0.632007539272
-0.352346360683 0.748509705067 0.561769902706
-0.0871408894533
0 0 0

00000056.jpg
/home/firoozeh/PycharmProjects/Computer Vision/HW3/Q3/pics4/f0126.jpg
2055.27636719
540 960
-7.10606431961 -3.99255013466 4.03001117706
9.03876304626 -0.383553028107 -0.911726713181
0.823135117569 0.536728181656 0.243052296312
0.874623336783 0.394219004213 0.257051904103 0.116403531059
0.840749323368 -0.000949308858253 0.541424155235
0.406287670135 0.662083625793 -0.629743039608
-0.357870221138 0.749429523945 0.557030975819
-0.0876158960324
0 0 0

00000057.jpg
/home/firoozeh/PycharmProjects/Computer Vision/HW3/Q3/pics4/f0124.jpg
2059.64892578
540 960
-7.01569747925 -3.8930284977 4.06444883347
8.9169216156 -0.477736711502 -1.0750772953
0.819714733808 0.51922162617 0.237822364119
0.877812523073 0.393024130731 0.248948347353 0.114027385468
0.850045800209 -0.00450372043997 0.526691436768
0.395874947309 0.665059566498 -0.633229255676
-0.34742847085 0.746776759624 0.567113935947
-0.083216322839
0 0 0

00000058.jpg
/home/firoozeh/PycharmProjects/Computer Vision/HW3/Q3/pics4/f0127.jpg
2056.88232422
540 960
-7.13945627213 -4.03129863739 4.03481626511
9.09330368042 -0.352737903595 -0.830941677094
0.823072323903 0.546555997569 0.245942620001
0.873192248093 0.393989158672 0.26162602167 0.117728081873
0.835384488106 0.000557346036658 0.549666881561
0.411754339933 0.661825358868 -0.626455008984
-0.364132374525 0.749658107758 0.552648961544
-0.0861550268994
0 0 0

00000059.jpg
/home/firoozeh/PycharmProjects/Computer Vision/HW3/Q3/pics4/f0123.jpg
2055.96069336
540 960
-6.96150493622 -3.82722473145 4.06513690948
8.8355588913 -0.515960454941 -1.14111638069
0.81707363338 0.51061815393 0.234767690576
0.879566072109 0.392000651814 0.244975043853 0.112632551059
0.854601562023 -0.00607478851452 0.519247353077
0.390196293592 0.667298972607 -0.634396374226
-0.34263959527 0.744765520096 0.572645366192
-0.0875519582287
0 0 0

00000060.jpg
/home/firoozeh/PycharmProjects/Computer Vision/HW3/Q3/pics4/f0115.jpg
2054.85327148
540 960
-6.90332078934 -3.19469213486 3.3411026001
8.16432571411 -0.404823541641 -1.48484015465
0.83263635842 0.382420175564 0.175928186912
0.89314912024 0.401381787102 0.184349976961 0.0848081750819
0.917645215988 -0.00350292306393 0.397385150194
0.29948246479 0.663400352001 -0.685718655586
-0.261222928762 0.748256504536 0.609815835953
-0.105232297303
0 0 0

00000061.jpg
/home/firoozeh/PycharmProjects/Computer Vision/HW3/Q3/pics4/f0138.jpg
2063.84570312
540 960
-6.89475917816 -4.95085906982 4.46794605255
9.59120559692 -0.123515605927 0.0699801445007
0.854357236949 0.736274797023 0.315653010376
0.833386204453 0.403179457258 0.347455209856 0.14895971369
0.714172661304 0.031891554594 0.699243605137
0.52845543623 0.630514860153 -0.568494796753
-0.459013909101 0.775521993637 0.433442741632
-0.0683266399386
0 0 0

00000062.jpg
/home/firoozeh/PycharmProjects/Computer Vision/HW3/Q3/pics4/f0137.jpg
2068.40014648
540 960
-6.9686756134 -4.8431186676 4.38679790497
9.55221652985 -0.132026672363 -0.00059449672699
0.853138797093 0.713975603347 0.30733113024
0.83806240215 0.403284851381 0.337501407821 0.145277637831
0.729974448681 0.0287150125951 0.682870805264
0.515721917152 0.632511913776 -0.577893018723
-0.448518157005 0.774018466473 0.446907997131
-0.0651130887702
0 0 0

00000063.jpg
/home/firoozeh/PycharmProjects/Computer Vision/HW3/Q3/pics4/f0148.jpg
2060.20751953
540 960
-6.36710739136 -6.04650592804 5.30195856094
10.2344141006 0.0644631385803 0.681016564369
0.800539753137 0.914482516093 0.396883533615
0.802532286626 0.373558873755 0.426728413475 0.185199254938
0.567208945751 0.0215595457703 0.823292255402
0.616073071957 0.652309954166 -0.441526740789
-0.546561062336 0.757645487785 0.35671338439
-0.0631738344336
0 0 0

00000064.jpg
/home/firoozeh/PycharmProjects/Computer Vision/HW3/Q3/pics4/f0149.jpg
2056.7902832
540 960
-6.34190034866 -6.16122531891 5.33872842789
10.2990837097 0.112331867218 0.773715496063
0.805116863164 0.932384350669 0.401459799608
0.79739637242 0.374985727288 0.434260962407 0.186981172325
0.552910685539 0.027487475425 0.83278721571
0.623879909515 0.648847401142 -0.435627222061
-0.552325248718 0.760421812534 0.341605812311
-0.0654133121583
0 0 0

00000065.jpg
/home/firoozeh/PycharmProjects/Computer Vision/HW3/Q3/pics4/f0150.jpg
2061.03564453
540 960
-6.30640649796 -6.27469921112 5.41090536118
10.3755912781 0.144796848297 0.864084362984
0.808190566666 0.951979889723 0.40587589204
0.792109681809 0.375684157523 0.442524050145 0.188669787609
0.537152171135 0.0336040556431 0.842815458775
0.631392717361 0.646530687809 -0.428184449673
-0.559294879436 0.762147784233 0.326068133116
-0.0639007817548
0 0 0

00000066.jpg
/home/firoozeh/PycharmProjects/Computer Vision/HW3/Q3/pics4/f0151.jpg
2067.13354492
540 960
-6.25662517548 -6.3844537735 5.4966802597
10.4482364655 0.16722536087 0.962584257126
0.808537390911 0.972884553281 0.411745349497
0.786815905704 0.3751103341 0.45135704783 0.19102386278
0.51957398653 0.0380159951746 0.853579938412
0.639218449593 0.645604491234 -0.417845636606
-0.566959679127 0.76272547245 0.311138600111
-0.0615641283275
0 0 0

00000067.jpg
/home/firoozeh/PycharmProjects/Computer Vision/HW3/Q3/pics4/f0152.jpg
2069.25366211
540 960
-6.20048189163 -6.47911977768 5.58881568909
10.5105447769 0.177819252014 1.0754789114
0.806693015909 0.994493304606 0.418604346093
0.781574906499 0.373528023822 0.460486345423 0.193828942455
0.50076508522 0.0410253927112 0.864609837532
0.646992743015 0.645814239979 -0.405368953943
-0.575008451939 0.76239156723 0.296858012676
-0.0638008978942
0 0 0

00000068.jpg
/home/firoozeh/PycharmProjects/Computer Vision/HW3/Q3/pics4/f0154.jpg
2083.04370117
540 960
-6.0801076889 -6.62429189682 5.86806297302
10.6538219452 0.110511779785 1.32926261425
0.797921942594 1.04008703805 0.43424841695
0.770942632985 0.368006851456 0.479694987291 0.200278227908
0.45956286788 0.0442556403577 0.887042343616
0.66186773777 0.648919224739 -0.37527987361
-0.592226922512 0.759568810463 0.268928080797
-0.0491149086311
0 0 0

00000069.jpg
/home/firoozeh/PycharmProjects/Computer Vision/HW3/Q3/pics4/f0155.jpg
2082.97338867
540 960
-6.03381061554 -6.68209934235 6.01522016525
10.7256336212 0.0591707229614 1.48242008686
0.794265974255 1.06330671648 0.442225740678
0.76518242072 0.365532430844 0.489348784168 0.203518538137
0.438236802816 0.0462884679437 0.897668063641
0.669203698635 0.649931967258 -0.360214442015
-0.600096285343 0.758581519127 0.253847777843
-0.0510563591968
0 0 0

00000070.jpg
/home/firoozeh/PycharmProjects/Computer Vision/HW3/Q3/pics4/f0156.jpg
2083.19702148
540 960
-5.99703454971 -6.73540878296 6.15506601334
10.7939996719 0.0113573074341 1.6445287466
0.791500621508 1.08611320119 0.449546640063
0.759302368242 0.363457194585 0.498743331817 0.206431879133
0.417282044888 0.0490552671254 0.90745216608
0.67603212595 0.650569677353 -0.346035093069
-0.607335805893 0.757860541344 0.238308623433
-0.0533414173202
0 0 0

00000071.jpg
/home/firoozeh/PycharmProjects/Computer Vision/HW3/Q3/pics4/f0153.jpg
2077.56176758
540 960
-6.14060354233 -6.55657625198 5.71649980545
10.5793962479 0.154017925262 1.19448578358
0.803149541908 1.01670721069 0.426063427807
0.776339442879 0.371164009027 0.469856614037 0.196899085056
0.480931311846 0.0430669635534 0.875700294971
0.654509067535 0.646936178207 -0.391270071268
-0.583372592926 0.76132696867 0.282944232225
-0.0571179715356
0 0 0

00000072.jpg
/home/firoozeh/PycharmProjects/Computer Vision/HW3/Q3/pics4/f0167.jpg
2050.87060547
540 960
-5.45466995239 -7.0928440094 7.32068347931
11.1031637192 -0.440930366516 3.19054460526
0.751297146499 1.29379248942 0.52357712232
0.702038647606 0.3375399265 0.581270172289 0.235230739539
0.213583230972 0.0621213540435 0.974947869778
0.72268563509 0.661466300488 -0.200466990471
-0.657348632812 0.747397303581 0.0963835194707
-0.0807914471163
0 0 0

00000073.jpg
/home/firoozeh/PycharmProjects/Computer Vision/HW3/Q3/pics4/f0166.jpg
2050.11767578
540 960
-5.51095056534 -7.03758573532 7.26683759689
11.0897331238 -0.430013179779 3.08835840225
0.752629840419 1.27912448142 0.516959898801
0.706830283314 0.338766262848 0.575746797451 0.232688851218
0.228743121028 0.0611436776817 0.971564888954
0.719029784203 0.662186443806 -0.210960775614
-0.656256198883 0.746840238571 0.107506632805
-0.0839147341845
0 0 0

00000074.jpg
/home/firoozeh/PycharmProjects/Computer Vision/HW3/Q3/pics4/f0177.jpg
2052.69482422
540 960
-4.61150741577 -7.73105573654 7.39727640152
10.8239326477 -0.127729892731 4.31058502197
0.704070052479 1.46317433407 0.608548016411
0.647098128909 0.30955750777 0.643311839059 0.267559466072
0.0291236881167 0.0520097725093 0.998221933842
0.744558691978 0.665172338486 -0.0563798323274
-0.666921615601 0.744876503944 -0.0193520728499
-0.0752620659609
0 0 0

00000075.jpg
/home/firoozeh/PycharmProjects/Computer Vision/HW3/Q3/pics4/f0179.jpg
2049.38330078
540 960
-4.33236455917 -7.91443967819 7.39193534851
10.7428131104 -0.034369468689 4.54304647446
0.699410990882 1.50831891907 0.628890913688
0.630361157656 0.305449827481 0.65871963641 0.274651990882
-0.0186903234571 0.0561518035829 0.99824744463
0.748671591282 0.662533342838 -0.0232500694692
-0.662677645683 0.746924757957 -0.054422263056
-0.0715424073233
0 0 0

00000076.jpg
/home/firoozeh/PycharmProjects/Computer Vision/HW3/Q3/pics4/f0178.jpg
2053.37792969
540 960
-4.47255373001 -7.82330799103 7.39904737473
10.786611557 -0.08043384552 4.42677879333
0.700641156245 1.48555055988 0.618774027555
0.639008883162 0.307053641287 0.651037559897 0.271175646193
0.00522852037102 0.0532391853631 0.99856865406
0.746373772621 0.66436368227 -0.0393290817738
-0.665506482124 0.745510935783 -0.0362627916038
-0.0733837625379
0 0 0

00000077.jpg
/home/firoozeh/PycharmProjects/Computer Vision/HW3/Q3/pics4/f0180.jpg
2050.01611328
540 960
-4.19422149658 -8.00217437744 7.39953613281
10.7076148987 -8.58306884766e-05 4.66114997864
0.69886117792 1.53121989684 0.638541667195
0.621525459982 0.304121117595 0.666335920528 0.277872074732
-0.0424327552319 0.0598841644824 0.997303128242
0.750702440739 0.660594403744 -0.00772580737248
-0.659275829792 0.748350262642 -0.0729860588908
-0.0687036632102
0 0 0

00000078.jpg
/home/firoozeh/PycharmProjects/Computer Vision/HW3/Q3/pics4/f0182.jpg
2054.18383789
540 960
-3.90261268616 -8.17282390594 7.39967250824
10.6276817322 0.0563993453979 4.8815908432
0.700019767178 1.57677420203 0.658735354626
0.603165057129 0.302354212311 0.681044085042 0.284522550088
-0.089548073709 0.0686050876975 0.993616878986
0.755061328411 0.655258536339 0.0228057093918
-0.649511098862 0.75228369236 -0.110478118062
-0.0593355422446
0 0 0

00000079.jpg
/home/firoozeh/PycharmProjects/Computer Vision/HW3/Q3/pics4/f0183.jpg
2054.0871582
540 960
-3.74117779732 -8.24542808533 7.4046626091
10.5824155807 0.0755944252014 4.9818944931
0.697518749162 1.59934820893 0.669637903097
0.594252974079 0.300172949002 0.688269768994 0.288174596565
-0.113519199193 0.0707024484873 0.991017401218
0.755696892738 0.653702974319 0.0399264246225
-0.645008027554 0.753441095352 -0.127637386322
-0.0536213939295
0 0 0

00000080.jpg
/home/firoozeh/PycharmProjects/Computer Vision/HW3/Q3/pics4/f0184.jpg
2058.96362305
540 960
-3.58356618881 -8.30176830292 7.42854595184
10.5421772003 0.0922446250916 5.07923364639
0.692149693259 1.62129705167 0.679071409976
0.586095413545 0.296860882044 0.695369336292 0.291251646428
-0.136731743813 0.0714531987906 0.98802793026
0.754258215427 0.654092371464 0.0570772401989
-0.642183184624 0.753032445908 -0.143329292536
-0.0520076292376
0 0 0

00000081.jpg
/home/firoozeh/PycharmProjects/Computer Vision/HW3/Q3/pics4/f0181.jpg
2052.90136719
540 960
-4.05430412292 -8.08770656586 7.39947032928
10.6674232483 0.0347743034363 4.77550363541
0.699678688087 1.55418226982 0.647941340192
0.612394841872 0.303348903925 0.673822850512 0.280917939479
-0.0659040436149 0.0647415593266 0.995723724365
0.752872347832 0.658129274845 0.00703919166699
-0.654858827591 0.750116407871 -0.0921154618263
-0.066718576615
0 0 0

00000082.jpg
/home/firoozeh/PycharmProjects/Computer Vision/HW3/Q3/pics4/f0305.jpg
2113.4309082
540 960
5.35531377792 -0.629655003548 1.40624964237
0.703729689121 -0.495995223522 5.5056476593
0.550044891412 -1.83898788035 -0.781667293264
0.509432687594 0.228376282526 -0.763539889713 -0.324544911507
-0.37664526701 -0.0180813316256 -0.926181256771
-0.67941647768 0.685029745102 0.262921541929
0.629707455635 0.728290915489 -0.270297825336
-0.0515762398538
0 0 0

00000083.jpg
/home/firoozeh/PycharmProjects/Computer Vision/HW3/Q3/pics4/f0304.jpg
2113.14892578
540 960
5.46318531036 -0.681257724762 1.45287871361
0.772157251835 -0.500636816025 5.61911869049
0.544298031117 -1.85330824017 -0.789635342395
0.503305713115 0.225389702638 -0.767440940933 -0.326982029771
-0.391765743494 -0.0168027374893 -0.919911444187
-0.675090432167 0.684564590454 0.274999171495
0.625118196011 0.728758871555 -0.279532283545
-0.0526250514931
0 0 0

00000084.jpg
/home/firoozeh/PycharmProjects/Computer Vision/HW3/Q3/pics4/f0294.jpg
2113.69726562
540 960
6.33850765228 -1.61228334904 1.60345685482
1.85198438168 -0.0570170879364 6.47411346436
0.472230711386 -2.04433960293 -0.901313780313
0.415972326828 0.18805468667 -0.814109786184 -0.358926847538
-0.583204865456 -0.00758723029867 -0.812290072441
-0.604801774025 0.671613991261 0.427960246801
0.54229849577 0.740862429142 -0.396277219057
-0.0459965718818
0 0 0

00000085.jpg
